行标签	求和项:成交数量	求和项:成交金额		
000050	2100	32874		1000
000059	7000	37800		900
000156	46300	392914		600
000519	3500	31885		2800
000543	55400	209966		1400
000709	99900	209790		8600
000778	4200	15120		4200
002064	5400	88629		900
002128	20200	191860		2600
002157	31200	503697		2200
002249	20000	90177		5500
002458	14000	140000		500
002503	23100	36960		3800
002505	100	235		100
002641	2300	15134		800
002906	2600	98540		500
300010	16600	123836		700
300017	2300	14791		3000
300070	5000	37000		2100
300342	2300	22655		0
300459	99900	372627		4600
600008	100	278		2000
600282	100	321		100
600507	200	1372		200
600516	57600	382038.83		4700
600567	12300	38130		1600
600782	2700	11040		3700
600787	2600	11674		0
600808	5300	13780		1900
600876	100	1798		100
601000	41200	95996		6400
601016	28500	95002		7500
601699	14200	79322		2700
601958	51100	296177		2600
603000	1600	28128		900
603077	400	540		400
603225	400	9416		0
603589	1000	65026		100
总计	682800	3796528.83		
