,i,q,n
0,2065,29300,339880.0
1,2066,600,10308.0
2,2072,9500,107350.0
3,2079,1400,9800.0
4,2086,100,2908.0
5,2091,900,17685.0
6,2092,2100,10059.0
7,2094,800,5640.0
8,2101,1500,25185.0
9,2105,2400,10536.0
10,2107,1700,11866.0
11,2111,700,14889.0
12,2117,3100,10013.0
13,2132,2600,10244.0
14,2140,1500,7515.0
15,2143,1700,10336.0
16,2153,900,14148.0
17,2156,500,2840.0
18,2176,41500,861125.0
19,2177,1200,4416.0
20,2199,6700,100299.0
21,2204,7500,27300.0
22,2208,2100,10206.0
23,2223,3200,33984.0
24,2232,1900,13376.0
25,2234,200,2136.0
26,2236,400,101304.0
27,2240,100,459.0
28,2250,1000,5510.0
29,2257,100,546.0
30,2259,1200,15504.0
31,2260,1100,9328.0
32,2264,100,270.0
33,2265,2700,10368.0
34,2269,700,9681.0
35,2274,3300,106524.0
36,2282,2700,15255.0
37,4770,26000,194480.0
38,2290,11000,58850.0
39,2295,1000,9920.0
40,2296,2100,15477.0
41,2301,600,10116.0
42,2303,2100,8967.0
43,2306,100,717.0
44,2311,1200,9120.0
45,2315,13700,31784.0
46,2316,1900,21508.0
47,2318,800,10592.0
48,2321,2100,10563.0
49,2324,2600,19292.0
50,2331,6100,11224.0
51,2335,15300,16983.0
52,2337,1500,9765.0
53,2338,800,10312.0
54,2343,1900,5909.0
55,2352,1400,57918.0
56,2354,1800,6228.0
57,2356,700,10493.0
58,2358,4700,17296.0
59,2363,200,4752.0
60,2365,1100,10098.0
61,2380,3300,31482.0
62,2386,5000,39600.0
63,2391,4400,82456.0
64,2397,4700,42676.0
65,2403,1600,13616.0
66,2429,6000,88920.0
67,2434,700,21140.0
68,2449,100,513.0
69,2466,3800,16036.0
70,2467,19000,299250.0
71,2491,1800,26100.0
72,2496,1600,6752.0
73,2498,800,4664.0
74,2501,2900,5452.0
75,2506,600,4908.0
76,2514,400,14044.0
77,4799,400,10920.0
78,4771,900,11205.0
79,2538,300,11607.0
80,4759,300,15402.0
81,2539,1100,10087.0
82,4804,13000,115960.0
83,4805,700,14476.0
84,2547,1800,38286.0
85,2549,500,5780.0
86,2552,600,16446.0
87,2554,5900,152987.0
88,2558,1000,4920.0
89,2559,1900,21565.0
90,2561,500,6890.0
91,2571,1100,11847.0
92,2576,100,288.0
93,2581,700,10143.0
94,2590,1900,21014.0
95,2595,3200,73216.0
96,2596,1400,10766.0
97,2600,4900,47040.0
98,2602,4900,49882.0
99,2606,4200,23268.0
100,2613,1900,26353.0
101,2617,300,10152.0
102,2620,1100,13662.0
103,2621,400,4688.0
104,2624,100,454.0
105,2627,1800,9522.0
106,2633,400,4652.0
107,2637,4700,16027.0
108,2638,900,10656.0
109,2640,1700,10302.0
110,2643,19200,189696.0
111,2644,4000,92000.0
112,2646,2200,10076.0
113,2647,1400,10836.0
114,2666,1000,10070.0
115,2667,3200,23712.0
116,2669,4100,52890.0
117,2671,3400,45016.0
118,2672,900,39600.0
119,2675,6700,34706.0
120,2678,8500,57120.0
121,2687,4800,33744.0
122,2692,100,780.0
123,2693,400,10768.0
124,2697,900,11457.0
125,2699,26500,121635.0
126,2700,600,13326.0
127,2705,400,4168.0
128,2709,700,4277.0
129,2713,900,7668.0
130,2717,100,323.0
131,2720,2600,10348.0
132,2724,2600,58214.0
133,2727,2500,20675.0
134,2733,12400,92256.0
135,2734,500,55500.0
136,2737,10300,20291.0
137,2746,4300,25241.0
138,2759,9500,26030.0
139,2766,8500,35615.0
140,2771,1400,44016.0
141,2777,5900,69030.0
142,2780,14100,36378.0
143,2782,1800,45594.0
144,2786,100,1414.0
145,2797,3900,9984.0
146,2803,1800,9756.0
147,2809,1300,9932.0
148,2810,5300,134461.0
149,2812,1000,10990.0
150,2823,2200,16214.0
151,2825,1100,9988.0
152,2827,3200,15712.0
153,2835,100,686.0
154,2839,3600,26712.0
155,2849,4200,8904.0
156,2851,6300,71631.0
157,2853,4500,15300.0
158,2862,1500,5340.0
159,2863,400,6268.0
160,2865,1200,28800.0
161,2867,1900,10260.0
162,2869,1700,10472.0
163,2873,1300,10920.0
164,2874,400,18764.0
165,2886,2400,10248.0
166,2907,3900,17121.0
167,2909,400,92800.0
168,2911,1200,10284.0
169,2912,2200,9900.0
170,2916,700,4970.0
171,2918,600,10398.0
172,2922,4400,101728.0
173,2923,1800,14724.0
174,2934,1800,33480.0
175,2938,100,410.0
176,2943,900,10638.0
177,2945,1400,52836.0
178,2950,100,575.0
179,2954,1200,10452.0
180,2955,2200,15488.0
181,2962,1400,8946.0
182,2970,5100,222666.0
183,2971,2900,9280.0
184,2973,100,415.0
185,2974,5300,49767.0
186,2987,200,1530.0
187,2992,1600,16432.0
188,2993,900,4806.0
189,3003,400,40800.0
190,3008,4300,10664.0
191,3009,3900,119730.0
192,3013,2700,14418.0
193,3020,400,10168.0
194,3022,100,349.0
195,3023,2000,88500.0
196,3029,15900,199386.0
197,3041,17500,50400.0
198,3046,3600,36648.0
199,3049,1100,16544.0
200,3051,2300,10534.0
201,3052,6000,39300.0
202,3065,5200,72436.0
203,3066,8900,62389.0
204,3074,2000,10360.0
205,3077,200,2586.0
206,3080,2900,10788.0
207,3083,1500,28605.0
208,3087,3800,45714.0
209,3088,900,3429.0
210,3101,20100,178890.0
211,3106,1800,27936.0
212,3115,600,10440.0
213,3121,2100,10584.0
214,3125,8100,48438.0
215,3132,1300,15782.0
216,3134,7200,32400.0
217,3145,2600,54236.0
218,3167,2000,15040.0
219,3168,2600,33826.0
220,3172,600,5484.0
221,3176,700,10479.0
222,3178,400,7104.0
223,3180,2200,15642.0
224,3182,1000,9910.0
225,3184,2400,15024.0
226,3190,800,12080.0
227,3198,5400,21654.0
228,3206,100,601.0
229,3210,900,10116.0
230,3221,2400,9528.0
231,3240,5100,244494.0
232,3252,1000,10000.0
233,3253,1200,10536.0
234,3254,100,943.0
235,3257,200,6278.0
236,3259,2900,52055.0
237,3266,400,35632.0
238,3267,500,4910.0
239,3272,1800,15030.0
240,3283,200,2004.0
241,3285,600,11316.0
242,3286,500,10725.0
243,3287,1400,29484.0
244,3290,1000,10240.0
245,3291,2100,10332.0
246,3298,700,11172.0
247,3327,200,9306.0
248,3329,12600,55818.0
249,3335,400,10376.0
250,3336,1500,15270.0
251,3338,1200,10032.0
252,3345,800,27936.0
253,3349,900,8955.0
254,3354,600,8172.0
255,3358,2000,38160.0
256,3362,1200,10212.0
257,3367,1000,10030.0
258,3369,1100,108119.0
259,3377,2300,51221.0
260,3383,200,40976.0
261,3384,1000,41570.0
262,3385,1700,19414.0
263,3387,1500,28965.0
264,3399,800,10608.0
265,3410,100,848.0
266,3411,600,14172.0
267,3412,1000,25600.0
268,3413,2500,127675.0
269,3419,1000,20960.0
270,3421,300,12210.0
271,3424,1200,10416.0
272,3426,1200,14652.0
273,3431,100,989.0
274,3434,200,27350.0
275,3436,700,11165.0
276,3439,1200,9192.0
277,3441,7400,79254.0
278,3445,800,47544.0
279,3453,1800,21942.0
280,3455,1000,58820.0
281,3470,1200,30024.0
282,3474,200,10914.0
283,3480,500,9210.0
284,3483,300,10152.0
285,3486,300,10101.0
286,3492,1300,35646.0
287,3495,100,2816.0
288,3500,400,12440.0
289,3501,300,11163.0
290,3503,2600,36894.0
291,3512,400,10736.0
292,3513,1200,10656.0
293,3527,400,21180.0
294,3528,2700,118395.0
295,3529,300,11451.0
296,3533,300,11163.0
297,3536,100,9660.0
298,3537,800,10128.0
299,3539,1700,9979.0
300,3542,100,5055.0
301,3543,300,5076.0
302,3544,300,5088.0
303,3547,200,13740.0
304,3548,13400,36180.0
305,3550,4200,16002.0
306,3555,400,6764.0
307,3556,5700,21945.0
308,3561,2500,10300.0
309,3562,100,9313.0
310,3567,300,4941.0
311,3569,2100,9933.0
312,3574,3200,16576.0
313,3578,1800,24282.0
314,3582,400,8604.0
315,3586,200,1048.0
316,3591,3100,10695.0
317,3599,500,9470.0
318,3600,1300,10127.0
319,3604,5100,50745.0
320,3606,300,5376.0
321,3607,2900,20242.0
322,3608,1700,10523.0
323,3611,300,3231.0
324,3614,300,6633.0
325,3617,100,305.0
326,3618,200,854.0
327,3621,1600,24848.0
328,3626,4700,22748.0
329,3627,800,4864.0
330,3628,1300,11687.0
331,3629,1800,15930.0
332,3632,2000,10640.0
333,3633,800,11072.0
334,3638,1000,54100.0
335,3643,3300,10659.0
336,3646,400,10000.0
337,3654,6300,24318.0
338,3657,4000,40320.0
339,3659,5500,58465.0
340,3665,900,9900.0
341,3668,500,30800.0
342,3675,3100,15221.0
343,3677,6200,27156.0
344,3680,1100,16038.0
345,3693,2400,22128.0
346,3701,2500,12350.0
347,3713,1100,8063.0
348,3714,1200,28152.0
349,3722,3400,43554.0
350,3723,2800,10276.0
351,3725,3100,14198.0
352,3727,3700,15651.0
353,3741,2200,21076.0
354,3751,1800,10800.0
355,3754,1400,18116.0
356,3758,2400,16704.0
357,3760,1500,10695.0
358,3764,500,34450.0
359,3765,100,1280.0
360,3773,1800,10188.0
361,3774,500,12505.0
362,3777,400,11324.0
363,3790,1300,10751.0
364,3794,3600,25920.0
365,3802,2400,25896.0
366,3804,1400,10528.0
367,3807,3300,10296.0
368,3816,100,1071.0
369,3819,2600,10270.0
370,3825,2700,15390.0
371,3828,4700,15886.0
372,3830,100,571.0
373,3833,3300,10131.0
374,3844,2600,10426.0
375,3860,1300,10075.0
376,3861,2000,20480.0
377,3864,600,3876.0
378,3865,3400,10200.0
379,3872,600,10290.0
380,3873,400,5048.0
381,3877,6400,10752.0
382,3883,1300,10491.0
383,3884,3400,39848.0
384,3893,1300,4979.0
385,3901,800,11000.0
386,3903,1700,11917.0
387,3905,1500,10410.0
388,3908,800,6664.0
389,3911,900,44469.0
390,3915,3500,25305.0
391,3917,600,12816.0
392,3920,2100,44100.0
393,3922,300,4890.0
394,3924,2900,27985.0
395,3933,1200,67536.0
396,3936,900,15300.0
397,3939,4800,74256.0
398,3941,3500,24325.0
399,3947,2800,47488.0
400,3950,400,2372.0
401,3966,200,5546.0
402,3975,5200,388648.0
403,3978,800,4632.0
404,3980,5700,233643.0
405,3991,400,36200.0
406,3993,4000,54560.0
407,3994,800,20040.0
408,3996,5000,15350.0
409,4000,1100,18183.0
410,4009,1500,21000.0
411,4013,3600,47484.0
412,4016,1200,21000.0
413,4019,2000,58260.0
414,4020,700,9814.0
415,4021,100,1086.0
416,4027,1000,10430.0
417,4034,11400,134292.0
418,4044,2600,15574.0
419,4050,1000,10230.0
420,4055,300,14967.0
421,4070,700,5488.0
422,4077,1800,19728.0
423,4081,500,9500.0
424,4086,1500,15630.0
425,4091,600,9954.0
426,4101,500,10780.0
427,4102,2200,103840.0
428,4104,1100,10659.0
429,4118,200,4722.0
430,4120,1900,37430.0
431,4124,1000,10780.0
432,4127,200,8810.0
433,4130,600,32928.0
434,4135,400,11332.0
435,4136,300,4590.0
436,4138,2500,121975.0
437,4150,600,10920.0
438,4161,800,23920.0
439,4162,200,12470.0
440,4163,2100,44142.0
441,4167,3400,159800.0
442,4180,1300,10855.0
443,4183,2200,22858.0
444,4186,600,26046.0
445,4188,2400,35232.0
446,4199,700,63350.0
447,4205,600,37014.0
448,4207,700,9660.0
449,4212,400,14972.0
450,4219,900,10206.0
451,4226,400,17836.0
452,4229,400,10772.0
453,4232,2100,148281.0
454,4240,1600,15168.0
455,4241,1600,45696.0
456,4244,700,32298.0
457,4252,200,9214.0
458,4253,400,10288.0
459,4256,200,13338.0
460,4259,200,3360.0
461,4264,1000,9910.0
462,4267,1900,15770.0
463,4273,300,11025.0
464,4275,1400,31696.0
465,4276,2000,66340.0
466,4282,800,22736.0
467,4288,300,11820.0
468,4290,1200,245532.0
469,4292,1000,9760.0
470,4293,600,27330.0
471,4294,900,10575.0
472,4295,100,28600.0
473,4298,4300,84839.0
474,4301,1500,55200.0
475,4308,1500,126030.0
476,4309,100,1758.0
477,4323,100,7627.0
478,4327,200,8804.0
479,4329,1300,28873.0
480,4343,1100,110330.0
481,4350,2100,105840.0
482,4365,200,9998.0
483,4369,5100,49980.0
484,4371,500,11430.0
485,4373,5100,479145.0
486,4378,200,9280.0
487,4380,600,9780.0
488,4383,300,10983.0
489,4401,400,7028.0
490,4422,400,10040.0
491,4439,900,73458.0
492,4443,500,9660.0
493,4470,100,9218.0
494,4496,500,9240.0
495,4527,300,10056.0
496,4542,1100,10087.0
497,4557,600,10596.0
498,4559,100,9143.0
499,4562,200,14708.0
500,4571,3700,78366.0
501,4581,500,71000.0
502,4583,200,11864.0
503,4587,500,5465.0
504,4589,100,10860.0
505,4792,2000,190140.0
506,4754,300,9240.0
507,4676,500,10350.0
508,4619,700,10003.0
509,4790,400,10112.0
510,4626,800,10800.0
511,4641,200,7380.0
512,4648,1000,35180.0
513,4662,300,12900.0
514,4757,200,5356.0
515,4718,300,18810.0
516,4791,300,15066.0
517,4806,400,12692.0
518,4781,200,13140.0
519,4802,18,1800.0
520,6,11800,21948.0
521,11,1800,5004.0
522,15,8100,78489.0
523,16,12900,19737.0
524,19,14400,234720.0
525,24,4200,60900.0
526,31,200,2082.0
527,39,9800,117698.0
528,44,1600,9920.0
529,45,8300,144337.0
530,51,1700,30311.0
531,61,100,407.0
532,74,3900,20631.0
533,86,4200,109032.0
534,99,900,4869.0
535,106,300,29691.0
536,114,500,4795.0
537,119,4500,104220.0
538,122,2800,41636.0
539,125,10100,16968.0
540,128,400,5744.0
541,136,200,480.0
542,144,4000,15040.0
543,149,100,509.0
544,154,6500,19565.0
545,160,14700,306936.0
546,161,1800,10584.0
547,167,3500,45780.0
548,172,300,9750.0
549,176,400,5256.0
550,179,6200,19344.0
551,184,3400,10302.0
552,189,300,7245.0
553,195,1500,9885.0
554,197,1000,9520.0
555,203,3600,15228.0
556,212,1000,39050.0
557,219,1300,10192.0
558,231,100,287.0
559,233,2500,14875.0
560,242,100,1550.0
561,284,500,8295.0
562,298,1000,26170.0
563,301,2900,53186.0
564,305,900,10692.0
565,309,900,4005.0
566,326,1600,13392.0
567,334,500,12850.0
568,353,6700,324012.0
569,359,800,10232.0
570,363,200,2870.0
571,370,3600,15048.0
572,375,20600,87138.0
573,376,2800,22596.0
574,379,4900,81291.0
575,385,2800,20804.0
576,394,1500,10425.0
577,396,6100,31110.0
578,400,800,4904.0
579,422,1900,10089.0
580,427,2800,18200.0
581,439,1200,10476.0
582,441,6000,35820.0
583,448,100,16600.0
584,464,8100,31752.0
585,469,11400,103512.0
586,479,1000,10340.0
587,480,3700,49617.0
588,485,3500,31535.0
589,497,3700,17686.0
590,516,4100,74497.0
591,548,100,453.0
592,567,2800,49252.0
593,568,2400,10056.0
594,574,8400,54348.0
595,590,900,5166.0
596,607,1500,70590.0
597,612,100,236.0
598,618,1200,5004.0
599,620,100,6190.0
600,635,6000,15960.0
601,640,400,1572.0
602,662,5700,15447.0
603,674,1600,10176.0
604,684,100,504.0
605,687,900,10026.0
606,696,3100,26102.0
607,700,100,647.0
608,714,700,4249.0
609,721,11400,112746.0
610,728,100,224.0
611,729,9700,306520.0
612,731,300,6282.0
613,739,600,25554.0
614,748,100,580.0
615,749,1200,8364.0
616,750,4300,24940.0
617,756,2500,35500.0
618,759,1800,15102.0
619,760,1700,32640.0
620,765,100,2235.0
621,766,500,5040.0
622,779,3900,31512.0
623,780,5700,28899.0
624,781,2200,17864.0
625,787,2400,10656.0
626,792,2000,15120.0
627,793,1700,35700.0
628,794,11000,142890.0
629,795,400,10496.0
630,800,700,5593.0
631,803,200,528.0
632,825,2600,10270.0
633,843,600,31494.0
634,845,5100,75225.0
635,848,1000,16800.0
636,853,7200,118656.0
637,854,800,7608.0
638,866,3800,10108.0
639,891,4700,30973.0
640,896,1800,9936.0
641,897,1000,3820.0
642,900,3300,10230.0
643,901,2400,21960.0
644,908,1600,10240.0
645,910,1300,15665.0
646,918,20600,85902.0
647,925,2100,55566.0
648,934,3600,49608.0
649,935,29100,152775.0
650,942,1700,18190.0
651,946,1300,22984.0
652,955,1200,5136.0
653,965,1500,9960.0
654,968,23200,120640.0
655,970,1400,3822.0
656,972,4000,10040.0
657,974,400,17480.0
658,975,2800,20496.0
659,977,3400,32912.0
660,985,1900,15181.0
661,987,1500,9945.0
662,991,1200,13596.0
663,994,100,175.0
664,995,8000,24960.0
665,1006,87400,408158.0
666,1022,1200,22560.0
667,1027,800,10128.0
668,1031,1500,10770.0
669,1041,800,79944.0
670,1046,500,21120.0
671,1062,1000,9830.0
672,1067,3700,102601.0
673,1070,600,15774.0
674,1071,400,9320.0
675,1074,300,10740.0
676,1076,1400,29008.0
677,1099,600,10836.0
678,1109,3000,30690.0
679,1110,2200,22396.0
680,1119,800,15744.0
681,1127,400,18776.0
682,1138,300,11754.0
683,1150,300,14070.0
684,1171,600,11694.0
685,1172,1400,34216.0
686,4807,800,21680.0
687,1183,100,3798.0
688,1191,500,12320.0
689,1195,100,32260.0
690,1196,500,42630.0
691,1203,200,6442.0
692,1206,900,10503.0
693,1211,900,10881.0
694,1215,700,10374.0
695,1216,7000,36260.0
696,1217,300,11289.0
697,1226,1700,10302.0
698,1229,400,15248.0
699,1232,300,22611.0
700,1237,600,5496.0
701,1241,1400,24892.0
702,1253,500,5195.0
703,1254,1800,20736.0
704,1260,200,18372.0
705,1271,1900,18468.0
706,1272,5400,150552.0
707,1275,100,11616.0
708,1279,400,30700.0
709,1280,500,20040.0
710,1282,500,16600.0
711,1290,700,11515.0
712,1291,700,10675.0
713,1293,400,21912.0
714,1298,5900,134402.0
715,1300,100,371.0
716,1309,1300,10790.0
717,1321,300,15984.0
718,1330,300,22740.0
719,1333,2500,25800.0
720,1336,1700,51884.0
721,1343,1500,10200.0
722,1353,900,25011.0
723,1358,2000,116480.0
724,1364,300,12225.0
725,1366,1000,18520.0
726,1379,900,116982.0
727,1380,100,754.0
728,1382,800,10024.0
729,1390,700,10633.0
730,1396,100,12642.0
731,1406,2000,63160.0
732,1415,1200,10056.0
733,1425,100,5962.0
734,1426,500,9850.0
735,1446,700,10052.0
736,1471,200,11990.0
737,1476,500,10875.0
738,1477,200,12214.0
739,1485,700,45213.0
740,1494,5000,139700.0
741,1502,1300,29939.0
742,1503,800,10976.0
743,1511,2100,24780.0
744,1534,1000,25670.0
745,1536,8000,205040.0
746,1541,3400,66878.0
747,1545,900,25362.0
748,1555,600,9612.0
749,1560,300,10554.0
750,1563,800,10824.0
751,1587,200,27660.0
752,1589,400,11200.0
753,1609,400,11156.0
754,1610,900,12762.0
755,1613,400,9844.0
756,1621,300,13311.0
757,1635,300,5451.0
758,1638,3400,149600.0
759,1640,600,10644.0
760,1643,100,4702.0
761,1670,200,8802.0
762,1674,700,56854.0
763,1678,300,36639.0
764,1680,200,38820.0
765,1685,200,10052.0
766,1689,800,57832.0
767,1691,400,420240.0
768,1694,800,150800.0
769,4741,400,19156.0
770,4751,200,16000.0
771,1707,200,77600.0
772,1719,1200,10716.0
773,1721,500,8150.0
774,1737,400,25060.0
775,1742,200,10820.0
776,1744,200,10330.0
777,1747,400,11516.0
778,4720,200,47870.0
779,1758,300,5340.0
780,1762,200,19590.0
781,1763,200,25070.0
782,4674,300,9729.0
783,1778,400,18556.0
784,1781,400,7160.0
785,1784,600,149706.0
786,4691,200,11014.0
787,1805,200,14846.0
788,1807,200,20696.0
789,1809,200,42560.0
790,1814,800,22560.0
791,4740,2100,76923.0
792,1821,900,18774.0
793,1832,200,11004.0
794,1846,200,12842.0
795,1853,300,29277.0
796,4690,200,17502.0
797,4755,400,18088.0
798,1869,800,60400.0
799,1875,2700,13608.0
800,1885,900,31320.0
801,4721,1000,527500.0
802,4729,2100,78099.0
803,1902,200,16908.0
804,4782,1800,38196.0
805,1912,300,11256.0
806,1915,200,22250.0
807,1916,200,15102.0
808,1918,1300,70070.0
809,1922,600,11304.0
810,1925,200,21612.0
811,1928,2600,10036.0
812,1933,200,40720.0
813,1942,600,207000.0
814,1945,800,15496.0
815,1947,2300,97014.0
816,1952,200,47824.0
817,1960,300,8334.0
818,1961,1000,71390.0
819,1967,200,12242.0
820,1978,300,9390.0
821,1980,300,10230.0
822,1981,1500,47715.0
823,1983,200,55590.0
824,1984,200,13360.0
825,2013,900,42300.0
826,2032,200,40160.0
827,2035,200,9510.0
828,2038,200,10462.0
829,2043,200,11630.0
830,2046,200,23520.0
831,2047,200,9290.0
832,2052,2300,212336.0
833,2053,1100,16753.0
834,2057,200,28984.0
835,2059,200,17262.0
836,2061,200,26100.0
837,2062,500,16995.0
